{
    "accuracy": 0.6043373493975903,
    "precision": 0.8415492957746479,
    "recall": 0.2354679802955665,
    "auc": 0.634544567338972
}