{
    "accuracy": 0.6327710843373494,
    "precision": 0.8285714285714286,
    "recall": 0.3142857142857143,
    "auc": 0.6676684636118598
}