{
    "accuracy": 0.6419277108433735,
    "precision": 0.793836344314559,
    "recall": 0.36635605689063266,
    "auc": 0.685108062139302
}